,CDR_ID,CDR_SUB_ID,STD_EVT_TYPE_ID,OBJ_ID,OWNER_CUST_ID,PRI_IDENTITY,DEFAULT_ACCT_ID,BILL_CYCLE_ID,SERVICE_CATEGORY,USAGE_SERVICE_TYPE,ACTUAL_USAGE,RATING_USAGE,USAGE_MEASURE_UNIT,FREE_UNIT_USAGE,FREE_UNIT_MEASURE_UNIT,ACTUAL_CHARGE,TOTAL_TAX_AMOUNT,CHARGE_CURRENCY_ID,RESERVE3,RESERVE8,RESERVE10,RECHARGE_CARD_INFO,CDR_ID.1,CDR_SUB_ID.1,PAY_ACCT_ID,PAY_OBJECT_ID,PAY_OBJECT_TYPE_ID,CHARGE_CODE,OFFERING_ID,PLAN_ID,DEDUCT_CHARGE_AMOUNT,TAX_AMOUNT1,TAX_AMOUNT2,TAX_AMOUNT3,CHARGE_CURRENCY_ID.1,PAY_CURRENCY_ID,CUST_ID,BILL_CYCLE_ID.1,CP_BILL_CYCLE_ID,CallingPartyNumber,CallingPartyIMSI,CallingCellID,TotalFlux,UpFlux,DownFlux,IMEI,ServiceID,SPID,CategoryID,ContentID,ChargingID,TransitionID,BrandID,MainOfferingID,ChargingPartyNumber,PayType,ChargingType,RoamState,CallingHomeAreaNumber,CallingRoamAreaNumber,HomeZoneID,SpecialZoneID,CallingVPNTopGroupNumber,CallingVPNGroupNumber,OnlineChargingFlag,DataZoneID,RoamingZoneID,ChargePartyIndicator,UsagePayLimitList,RuleBaseID,FluxPoolChargeFlag,locationID,recordSeqNum,ACTUAL_USAGE.1,RATE_USAGE,FREE_USAGE,USAGE_MEASURE_ID,accountId,CurrencyId,secCallIdFile,secIdFile,plmnId
CDR_ID,1.0,,,0.913608013078535,0.9136067740549112,-0.0014309328507943057,0.9136078839887652,,,,-0.020271947477168067,-0.020271947477168067,,,,,,,-0.049939279187392514,-0.14847890546235618,0.08964360311698169,-0.009440366301336843,0.007120190932423511,-0.010350569766929425,0.003833808662533919,0.009272053314192235,0.007044670782138465,0.009325817335145615,0.02030798425453209,0.01452192557877821,0.008431857495392919,0.007336685387309604,0.011255617585884697,-0.0035495934197177113,0.0021016759520352327,0.004000330585324051,-0.012580030537386974,-0.009944622336883055,0.002656131002429301,-0.011159118409778174,0.0017244323511846787,0.011892648946726316,-0.005822343410780333,0.0035386220050013972,0.000464109137250482,-0.0034587233228768584,-0.00372998010476499,0.022563392878247983,0.020876382315600624,-0.0022605618235071274,0.010620161263958552,0.0023374140693826545,0.0040239973644810864,-0.003787964478983906,-0.02069372961796953,0.0025300006579415794,0.0060950499940029355,0.002982494077593508,0.021027836184978003,-0.0005885067380367537,-0.00845532954450316,-0.007055689175738748,0.007248612394924432,0.003456373912520504,0.015116245879719015,-0.014242250161320231,0.0004976764148709045,0.004504654559929851,0.014148504608698388,0.005397031223595162,0.0012163287841425651,-0.01896362141590463,0.002484885189513007,-0.01184841845846479,0.002729724818225747,-0.015731917038311106,0.020113741786755603,0.013914359502686066,0.024802852365326707,0.00946197807298437,-0.007537121838396682,0.00712718443497694
CDR_SUB_ID,,,,,,,,,,,,,,,,,,,,,,,,,,,,,,,,,,,,,,,,,,,,,,,,,,,,,,,,,,,,,,,,,,,,,,,,,,,,,,,,,,
STD_EVT_TYPE_ID,,,,,,,,,,,,,,,,,,,,,,,,,,,,,,,,,,,,,,,,,,,,,,,,,,,,,,,,,,,,,,,,,,,,,,,,,,,,,,,,,,
OBJ_ID,0.913608013078535,,,1.0,0.9999999997845079,-6.127235564653783e-05,0.9999999999626131,,,,-0.01415377359291588,-0.01415377359291588,,,,,,,-0.04784592696756537,-0.17596143453617544,0.07275684199170698,-0.007569125933221343,0.0025469826930509033,-0.013127294484979212,-0.00034492522009625204,0.008234496393594493,0.0022095652161012226,0.00567870233578742,0.013714818426087702,0.019819126320221935,-0.0006432128621887595,0.01351433086905993,0.008427736437122888,-0.0037142987914683904,-0.0006387446495997706,0.006855415953528069,-0.0073056898683357945,-0.015756829147464107,0.00351451811744321,-0.011335685985653696,-7.215806610506521e-05,0.0017862017486378083,0.00841383250232005,0.003702196556948723,0.005316772991150072,-0.004198021179723044,-0.009122912913693345,0.026841537236980587,0.02269398824766179,-0.011627575160429603,0.00928206602739685,-0.0011315156487698651,0.01196211705927283,-0.010233947121133432,-0.02431603351558214,0.003999346902164338,0.004530778684285987,0.004935846881749626,0.021647311523427363,0.00016833055073696838,-0.014236824707087696,-0.0049113116077665305,0.008381948877927106,-0.006710119261891502,0.014543447850268714,-0.012130214760389555,-0.0014944340193801496,0.00855492024286918,0.009404383497829438,0.007889719514668192,0.00020214829219478205,-0.012308653812633009,0.004355283154215458,-0.01004049989449991,-0.0043486770475223,-0.02082373494272815,0.011807261012606108,0.01871400380240108,0.01710213493153155,0.0024325096489823317,-0.005409458955083524,0.0036621692215710465
OWNER_CUST_ID,0.9136067740549112,,,0.9999999997845079,1.0,-6.104450757302466e-05,0.9999999998128396,,,,-0.01415356342974596,-0.01415356342974596,,,,,,,-0.04784675137654386,-0.1759659277435177,0.07275709018341905,-0.007569297041685015,0.002547294682742005,-0.013127017924786103,-0.00034456036679150987,0.008234398937905634,0.0022090515770754023,0.005678703530085487,0.013714957240147544,0.019819321469177063,-0.0006436321849481102,0.013514219369159213,0.008427603935928745,-0.003713618633065369,-0.0006386329201986491,0.006855176462445789,-0.0073051575092841,-0.015756474851790315,0.003514496012073189,-0.011335876724092956,-7.227087689178192e-05,0.0017862018696875677,0.008413772072271963,0.0037021945378034153,0.005316886496061237,-0.004198335893169112,-0.009123260128692946,0.026841750904719353,0.02269393674527525,-0.011627328026618734,0.009281840097525007,-0.0011316746264205943,0.011962193566604516,-0.010234439425247903,-0.02431590534233707,0.003999198351789074,0.004530658632214852,0.004935997181890137,0.021647158912297258,0.00016788724462004536,-0.014236794613671003,-0.004911296934150709,0.008381996811089065,-0.00671025644080024,0.014543124923680624,-0.012130602041704047,-0.0014944154665623118,0.00855484153549883,0.009404037035423045,0.007889830223034775,0.00020227698239035826,-0.012308785174194028,0.004355047636673753,-0.010040532181963819,-0.0043486997768928575,-0.02082381114580399,0.01180718157768677,0.01871386227760021,0.017102084488404758,0.0024321221154820745,-0.005408963370231952,0.003662183724439597
PRI_IDENTITY,-0.0014309328507943057,,,-6.127235564653783e-05,-6.104450757302466e-05,1.0,-6.116022696717765e-05,,,,0.009906408878142373,0.009906408878142373,,,,,,,0.012882013970482253,-0.002214524080937222,-0.00021830282335824988,-0.00454377648348768,0.02560932863327676,-0.018660158888283297,-0.017702700396992548,0.018434081470836118,-0.0037807939151288652,0.01150433052924491,0.006954294290071544,-0.019716041369954158,-0.006837274183523898,-0.0009837152450099804,0.012468571972503778,0.0012871003691307832,0.010517579504307463,0.005769362730978376,-0.010291625622121322,0.002790274760082339,0.019372691092091623,-0.011828781367575177,0.01249114031535103,0.0016395259286238878,-0.028678666178430304,-0.006137484237084368,-0.006232858113870622,0.0025881500456014297,0.006555562106583112,-0.008846676171835332,-0.0009678575717322335,0.0012522159035887664,0.0011046715220149718,0.0052487900629925675,0.01695690154544252,-0.007376117315015001,0.007231268647954541,-0.008574145912071481,-0.028111764267684282,0.01606207634894213,-0.0036328539081490925,-0.01456918733348464,0.015332097367906023,-0.012778433197525986,-0.007522474416947743,0.0035146810546859667,-0.034460898235041316,0.01942182294194764,-0.005335866506109094,0.002499773195656911,-0.0006717928111800252,0.0035734294849820614,-0.0006454262949391839,-0.004011958453089377,0.013366468438292973,-0.00025931464181287424,0.011533077645426782,-0.014933738678775593,0.006661587553998457,-0.00317443007047671,0.008216388182834483,-0.002014254843774478,0.013203754432194282,0.008262905649084802
DEFAULT_ACCT_ID,0.9136078839887652,,,0.9999999999626131,0.9999999998128396,-6.116022696717765e-05,1.0,,,,-0.01415365888062593,-0.01415365888062593,,,,,,,-0.0478467822764658,-0.17596644396550634,0.07275799700178744,-0.007569234477431013,0.002546960105316666,-0.013127228378333456,-0.0003447934978217281,0.008234621262103163,0.0022093887562115505,0.005678726383399966,0.013714728807024129,0.01981903772961839,-0.0006433615222326121,0.013514392590662925,0.008427645795137849,-0.00371426712284374,-0.0006387269858417797,0.006855296778338027,-0.007305788800374698,-0.01575664285173331,0.0035146369437641855,-0.011335840959200318,-7.213584495704674e-05,0.0017861167321352569,0.008413741849635125,0.003702239542447232,0.005316908193414009,-0.004197998734374661,-0.009122817486849089,0.026841500411731705,0.022693827744481233,-0.011627494512181326,0.009281949050421982,-0.0011317016745219838,0.011962034188905995,-0.010233947740283168,-0.02431595285396454,0.003999189430350135,0.0045307627226053755,0.004935819200237005,0.021647116617337717,0.0001681988322926133,-0.014236835344121178,-0.004911360422107993,0.008382023358173844,-0.0067101802328691645,0.014543410736514148,-0.012130123535851071,-0.0014944299368637142,0.008555015102418228,0.009404351656912988,0.007889678330170763,0.00020218253557087126,-0.012308693922143135,0.00435515210313259,-0.010040621823833393,-0.004348697449053724,-0.020823628015475597,0.011807364349842794,0.01871393603660221,0.017101960761407162,0.002432471767420594,-0.005409363544046319,0.003662184721677966
BILL_CYCLE_ID,,,,,,,,,,,,,,,,,,,,,,,,,,,,,,,,,,,,,,,,,,,,,,,,,,,,,,,,,,,,,,,,,,,,,,,,,,,,,,,,,,
SERVICE_CATEGORY,,,,,,,,,,,,,,,,,,,,,,,,,,,,,,,,,,,,,,,,,,,,,,,,,,,,,,,,,,,,,,,,,,,,,,,,,,,,,,,,,,
USAGE_SERVICE_TYPE,,,,,,,,,,,,,,,,,,,,,,,,,,,,,,,,,,,,,,,,,,,,,,,,,,,,,,,,,,,,,,,,,,,,,,,,,,,,,,,,,,
ACTUAL_USAGE,-0.020271947477168067,,,-0.01415377359291588,-0.01415356342974596,0.009906408878142373,-0.01415365888062593,,,,1.0,1.0,,,,,,,-0.011146360471824579,-0.0012091922187664364,0.04350163289906257,-0.005509603570319263,0.020086211942680166,-0.012305217056772415,0.005089739456037337,-0.0009404959699174537,0.013440707680055695,-0.00826038986584529,0.01014371985842555,0.008780750852659037,-0.006656194909425146,0.017193996015565836,-0.014512532647319831,0.009815250842020102,0.003399107986472684,-0.00863350162024601,-0.007300579678271952,0.007926128198599178,-0.0024635881982379903,0.014767888077817903,0.004109505146010561,-0.003711329424522427,0.00836496982314102,-0.004957613998635535,0.0017581244307573365,-0.01400842884523716,0.011304931419161977,0.006203262975123172,-0.0028160530221975656,0.007269069846667638,-0.020989571058969803,-0.0032797880614349527,-0.006739716822304864,-0.016122112743287415,-0.0012495356128766131,-0.007958836715716271,0.01037974374425642,-0.0074438570037962375,0.010799056285408287,-0.014418407036357304,-0.0037749702998819165,-0.005256036312909615,0.01773130349415223,0.00015248721549762214,0.008207136700168993,-0.013469874356553686,0.01582541541251904,0.012300754956463569,0.01034483360525362,0.009244334350333448,0.01038149486816733,0.00030074389144988794,-0.018974358999687888,0.005095215666288828,0.009106050510547551,-0.009910599074667216,-0.003910756741429474,0.012665238386800184,-0.0014913704433054283,-0.002220269193433924,0.017710706965821207,-0.013533638740208779
RATING_USAGE,-0.020271947477168067,,,-0.01415377359291588,-0.01415356342974596,0.009906408878142373,-0.01415365888062593,,,,1.0,1.0,,,,,,,-0.011146360471824579,-0.0012091922187664364,0.04350163289906257,-0.005509603570319263,0.020086211942680166,-0.012305217056772415,0.005089739456037337,-0.0009404959699174537,0.013440707680055695,-0.00826038986584529,0.01014371985842555,0.008780750852659037,-0.006656194909425146,0.017193996015565836,-0.014512532647319831,0.009815250842020102,0.003399107986472684,-0.00863350162024601,-0.007300579678271952,0.007926128198599178,-0.0024635881982379903,0.014767888077817903,0.004109505146010561,-0.003711329424522427,0.00836496982314102,-0.004957613998635535,0.0017581244307573365,-0.01400842884523716,0.011304931419161977,0.006203262975123172,-0.0028160530221975656,0.007269069846667638,-0.020989571058969803,-0.0032797880614349527,-0.006739716822304864,-0.016122112743287415,-0.0012495356128766131,-0.007958836715716271,0.01037974374425642,-0.0074438570037962375,0.010799056285408287,-0.014418407036357304,-0.0037749702998819165,-0.005256036312909615,0.01773130349415223,0.00015248721549762214,0.008207136700168993,-0.013469874356553686,0.01582541541251904,0.012300754956463569,0.01034483360525362,0.009244334350333448,0.01038149486816733,0.00030074389144988794,-0.018974358999687888,0.005095215666288828,0.009106050510547551,-0.009910599074667216,-0.003910756741429474,0.012665238386800184,-0.0014913704433054283,-0.002220269193433924,0.017710706965821207,-0.013533638740208779
USAGE_MEASURE_UNIT,,,,,,,,,,,,,,,,,,,,,,,,,,,,,,,,,,,,,,,,,,,,,,,,,,,,,,,,,,,,,,,,,,,,,,,,,,,,,,,,,,
FREE_UNIT_USAGE,,,,,,,,,,,,,,,,,,,,,,,,,,,,,,,,,,,,,,,,,,,,,,,,,,,,,,,,,,,,,,,,,,,,,,,,,,,,,,,,,,
FREE_UNIT_MEASURE_UNIT,,,,,,,,,,,,,,,,,,,,,,,,,,,,,,,,,,,,,,,,,,,,,,,,,,,,,,,,,,,,,,,,,,,,,,,,,,,,,,,,,,
ACTUAL_CHARGE,,,,,,,,,,,,,,,,,,,,,,,,,,,,,,,,,,,,,,,,,,,,,,,,,,,,,,,,,,,,,,,,,,,,,,,,,,,,,,,,,,
TOTAL_TAX_AMOUNT,,,,,,,,,,,,,,,,,,,,,,,,,,,,,,,,,,,,,,,,,,,,,,,,,,,,,,,,,,,,,,,,,,,,,,,,,,,,,,,,,,
CHARGE_CURRENCY_ID,,,,,,,,,,,,,,,,,,,,,,,,,,,,,,,,,,,,,,,,,,,,,,,,,,,,,,,,,,,,,,,,,,,,,,,,,,,,,,,,,,
RESERVE3,-0.049939279187392514,,,-0.04784592696756537,-0.04784675137654386,0.012882013970482253,-0.0478467822764658,,,,-0.011146360471824579,-0.011146360471824579,,,,,,,1.0,0.20636830312970986,-0.23059343015353292,0.01663109399863417,-0.014455120526413838,0.0024496479130924446,0.01672008724267134,0.013010174365403738,-0.008157332821102542,-0.016295171544635365,0.006456520668452785,0.014680744662553683,0.016328978615898954,0.015732306571455974,-0.0013788647603593964,0.0026600366458290284,-0.010628061272310545,-0.011325264717024053,0.0055006155435426245,-0.0006569543855085534,-0.020455652989708716,0.006755672509011578,-0.011999951848760983,0.014378534588491603,-0.011255821320168826,-0.002403880637564087,-0.003643322392954205,-0.0008717990370019168,-0.012188943975966008,0.010293521954184438,-0.020605492818028183,0.00032673431887031206,0.019475222331664436,0.002059344319714877,0.012873471024091187,-0.003243717757975969,0.001508945542436798,0.014664789156453919,-0.006596198719553335,0.007572989654063536,0.008323016707475088,0.002519315937456933,0.01171088640510909,-0.01241854750169028,-0.003205316222384259,-0.006368719640934177,-0.0023842729216355415,0.008727568254105792,0.0033447581098212035,-0.018654365817612522,0.017098234250311387,0.027315348904601307,-0.0037669471872330195,-0.0005334254775700312,0.007677289670692189,0.013301364196462532,-0.027294171138162,0.01721354585633612,0.009379630576370703,0.014123572339392338,-0.025290558123010395,0.002572162092259442,0.011250457130072887,-0.00162747239635222
RESERVE8,-0.14847890546235618,,,-0.17596143453617544,-0.1759659277435177,-0.002214524080937222,-0.17596644396550634,,,,-0.0012091922187664364,-0.0012091922187664364,,,,,,,0.20636830312970986,1.0,-0.3832501717696926,0.017577628153255028,0.006917312326106903,0.0003271891311989954,0.0033658370026907357,0.0045800567763877404,0.014221144429488863,-0.008165564131620826,-0.0001686110976387576,0.009421298738422887,0.018383104851644246,-0.014265092794193584,0.007143904572438435,-0.000595044687295462,-0.00023757295596364152,0.006910102059811854,0.011939227175222814,0.0035624903506400957,-0.004375687454061559,0.023766712274468076,-0.006272200870224202,0.011117007276830878,-0.006865268031499392,0.004975019582768539,-0.018409974161213073,-0.007632974577104543,-0.0009871632352895065,0.008200096897994237,0.006340120903720544,0.0044987109134813075,0.02566358552762035,0.008855462910593343,0.0042066914765665165,0.0026552827574367354,-0.009082501960128223,0.019371493579131798,-0.00827919943155777,0.023335519547913394,0.019620348362633273,0.019731617042206252,-0.0013407110491293036,0.014755129656954493,-0.006153442903325713,-0.0009309663061148772,-0.0060510452552314815,-0.01695815468304943,-0.015969061065650086,-0.012113566813830526,0.018890548783467,0.001003662506094979,-0.008525965380369272,0.0025351747389468944,0.004010850080050124,0.010189632522298079,-0.010743592673966552,-0.01239296815849666,-0.007226754539807957,0.009660068475967823,0.010468378350749418,0.014971038877348483,-0.0029326896718903013,-0.0004452480733078225
RESERVE10,0.08964360311698169,,,0.07275684199170698,0.07275709018341905,-0.00021830282335824988,0.07275799700178744,,,,0.04350163289906257,0.04350163289906257,,,,,,,-0.23059343015353292,-0.3832501717696926,1.0,-0.011383055010401665,0.008257014940043767,-0.01194992875371132,0.003151910145232415,-0.014099362755340012,-0.009885873107090814,0.02009518450754652,-0.005718828190222277,-0.007416911810122705,-0.006305323413306939,-0.004108185464909443,-0.008112794883033564,0.020050540972518766,-0.014277505799080333,-0.01360127587317713,0.0027739507881891856,0.015620361366873298,0.0016218892524544832,-0.003977710553636923,-0.006315637281007995,-0.008938579302411667,0.016659277815146818,-0.008945114011696424,0.008859723038987027,0.0027655226716108965,-0.009381545414880914,-0.009415702111597691,0.0015973146119622464,0.005028574019536885,-0.018680238283849886,0.009948623824964373,-0.024976332186469198,-0.007654533889915316,0.005895105859829376,-0.012207767555354973,0.006167023933078075,0.011912876631822516,0.0023148352688524723,0.00753316531791104,0.011793345159524722,-0.0016866295682646736,0.00814744237361412,0.003747138010127239,0.006850612131595395,0.01344476248758586,0.004138518643360273,0.0012956723116924389,-0.01783757454449285,-0.007483862012837121,0.010064655397802227,0.015256439307977238,-0.015469845720522712,0.003538315066359615,-0.017248263469185454,-0.010423614987765999,-0.0037891609008697696,-0.020294424875755324,0.009728935247590638,-0.013649206118562972,-0.01236087475680987,0.011717921964554142
RECHARGE_CARD_INFO,-0.009440366301336843,,,-0.007569125933221343,-0.007569297041685015,-0.00454377648348768,-0.007569234477431013,,,,-0.005509603570319263,-0.005509603570319263,,,,,,,0.01663109399863417,0.017577628153255028,-0.011383055010401665,1.0,-0.005208096858558257,0.029112256897649787,0.012578458785055062,-0.005306048625583759,0.013315633622447592,-0.00214726304570638,-0.004717716159315492,-0.004528395505328933,-0.01725304990269445,-0.002032342166970019,-0.0013902240720102558,-0.01637481635926243,0.004066574598827356,0.006925731859045812,0.0077553989543106905,0.028028522893571866,0.010183340281142223,0.008544386032748479,-0.0014364953982149138,-0.0181496295513026,0.01350407720643166,0.013554900908165052,0.004677500758622268,-0.01962722804704848,-0.00712774027370856,-0.0025155177720916373,-0.0009248106815752824,-0.008266520030971496,0.0017222099233940313,-0.004782502703706449,-0.008773412402373438,0.00017336649553713264,0.0019616506918555886,-0.01687961165428278,0.018185500267787914,0.0004546076747685652,-0.001182584239360686,-0.002623830417739221,-0.010280948148887307,-0.0002549536387759718,0.0035945146652076342,0.005272246142743806,0.013450932439219597,-0.010077973957065186,-0.008994338451288636,0.0026692317191772045,0.015565098520153486,0.018669278637487813,-0.024574823097323544,0.002073344601920796,-0.0034701535831979714,0.003223843365906874,-0.010949554317463082,-0.014541231013648692,-0.012677176811869598,0.01219682763463958,0.01643448104836303,-0.004579465924825806,0.006168341642715698,0.012175074103317798
CDR_ID.1,0.007120190932423511,,,0.0025469826930509033,0.002547294682742005,0.02560932863327676,0.002546960105316666,,,,0.020086211942680166,0.020086211942680166,,,,,,,-0.014455120526413838,0.006917312326106903,0.008257014940043767,-0.005208096858558257,1.0,-0.014496296416860158,-0.004661839815731102,-0.002680340500038729,-0.00043336633729180736,0.011050782628735538,0.0002719493027918949,-0.011262895446041771,0.005407217951535407,0.00976153139523687,0.008224608016000898,0.0022721687341350316,-0.004944572341200044,0.004928024974928143,0.012221416856682927,0.007981854511548682,-0.021196079241028933,-0.013340189505188782,0.012900810581554251,0.008070592171550189,0.006027133851040769,0.011698389144779464,0.0072624466129184734,0.00990993955107815,0.010077347489429156,0.0007063890724802262,-0.003147025382873469,0.02060631379168494,0.004571758613156572,0.010065081897596629,-0.006998121237259164,0.0047546921962906144,0.0006157200115048616,-0.011337572967049457,0.0033098660350665233,0.012551724187381524,0.0040592896342193825,-0.010785592309471173,0.020191417909192134,-0.015547164609504985,0.00449807542626699,-0.010165774348687245,-0.01258996711838353,0.007410503736732079,0.002838504090830425,0.02230514796111338,0.016884724218987478,0.02275749456023976,-0.0026824305135074106,0.004964695540768963,0.006671909208969939,0.009616221093331075,0.02017659540494117,0.004861457786006648,0.005883761530098419,0.007183193307610234,-0.011312802520719034,0.002725268688921605,-0.002242374190416192,0.02273564694155651
CDR_SUB_ID.1,-0.010350569766929425,,,-0.013127294484979212,-0.013127017924786103,-0.018660158888283297,-0.013127228378333456,,,,-0.012305217056772415,-0.012305217056772415,,,,,,,0.0024496479130924446,0.0003271891311989954,-0.01194992875371132,0.029112256897649787,-0.014496296416860158,1.0,0.004687707340867686,0.014912022662113437,0.0039672053107274,0.004284245827305687,-0.005753330013003829,0.0003369715371802386,-0.012351729913765597,0.021295731727915095,0.00813835771106222,0.00477338123820725,0.00716880499102126,0.005626381879683143,0.016609066304295,0.0006818033035714077,-0.008418809055288757,-0.00716369890471307,0.01944757531125599,0.0035649034092080953,-0.00865118910576771,0.01907588105145412,-0.0036033777894706786,4.3510195764854436e-05,0.016811098060983434,-0.0011806444283671634,0.02351563020497206,0.01353169137548609,-0.0032467335261630263,-0.018283179121909836,-0.005596358038705661,0.007092009509470965,0.0021316201020099507,0.0005531276670574256,0.00911087561877347,0.0009290282796500714,-0.003867196033893749,-0.0034175966268952356,0.0036490457321559843,-0.016647582512779476,-0.0003264296186688962,0.003898819845363296,-0.013044059593618002,0.006030866694424272,0.0011288920298065214,0.011084427705113122,-0.003924965238234907,-5.7198783689476036e-05,0.0043595379603341075,-0.004489384213461605,0.009924115059134342,-0.021630912755656446,-0.01998766583553637,0.0037496848335107393,0.01058175828011587,0.00253645394271859,0.002166102434371101,-0.005458279660144462,0.0010651005708944136,0.010567875176364835
PAY_ACCT_ID,0.003833808662533919,,,-0.00034492522009625204,-0.00034456036679150987,-0.017702700396992548,-0.0003447934978217281,,,,0.005089739456037337,0.005089739456037337,,,,,,,0.01672008724267134,0.0033658370026907357,0.003151910145232415,0.012578458785055062,-0.004661839815731102,0.004687707340867686,1.0,0.001137092557993556,-0.025026289157507018,-0.00486852194203232,0.001420575245892218,0.005776129388020389,0.006689697702056728,0.01123032978252027,-0.024355943700527335,-0.012545023991898687,0.009231561206166016,0.012502723051101146,0.02015328959537024,0.003772581242333897,-0.018976804055387632,-0.00035838426641584804,-0.020820893944008646,-0.001418603177747622,-0.010931724805334693,0.007538263715988104,-0.043134148419433554,0.0008542570324997117,0.01023051197663919,0.020808989622946195,0.008459491876138571,0.007050180911851307,-0.012504604147618234,-0.005744747309924983,-0.0005897460591703823,0.01653283329590286,-0.007968189634903778,-0.014061895156442992,-0.0029894817322224524,0.0037357364484584695,0.018118900384225027,0.013691477988849073,6.566320786129347e-05,-0.003798984444189127,-0.0011079210953599701,-0.017009933148877766,-0.010152992847776285,-0.017444393836750536,0.004397466368380937,0.0012193622804976142,0.004613397576496397,-0.009062994327128156,0.018363206765502363,-0.0014219569531739016,-0.00025290932306609737,0.01047521412097725,-0.017417222143794663,0.02005633711400073,-0.0004801914761693013,-0.006953625882651756,0.0010043182655479293,-0.020436727737866613,-0.008036526132035609,-0.011880739395494578
PAY_OBJECT_ID,0.009272053314192235,,,0.008234496393594493,0.008234398937905634,0.018434081470836118,0.008234621262103163,,,,-0.0009404959699174537,-0.0009404959699174537,,,,,,,0.013010174365403738,0.0045800567763877404,-0.014099362755340012,-0.005306048625583759,-0.002680340500038729,0.014912022662113437,0.001137092557993556,1.0,-0.007673747942738311,-0.003980494510755827,0.0100726321530752,0.00604988043910926,0.0034627900702236428,-0.0034181507347705617,-0.011292844175074705,0.0038666428844534805,0.009573152100039103,0.0026752929568611863,0.014553606878287885,0.005292006832167362,-0.0017842568860212786,-0.001299336145687613,0.01522492226453995,-0.016633583885342283,-0.002063649326022962,0.001099712656753094,-0.014007482763648531,0.008792712723488607,-0.0014250568533608248,0.002978638196430017,0.016956546729383622,0.010593809601341573,0.010880320757501886,0.0036043996885783964,0.0037726872039371686,-0.008419758194204803,-0.027265544192419784,0.01935109862105472,-0.015374750715685679,-0.008382572316003006,0.013236452652663959,-0.003379338105931232,0.018202232885377728,-0.012340993747119534,-0.015809643931886202,0.01336032137367133,-0.0180968703727372,-0.004040144473875552,0.000819399498315449,0.0010682310261636704,-0.011828508723392216,0.004654596757629935,-0.012854073984844156,0.01703505838894469,-0.017095652703587226,0.0012049670824823765,0.0036642563690952724,0.004165658815942098,0.01972708523364983,0.002991684772814674,0.004807830450845833,-0.002106943719462036,-0.002509202766104261,0.01136241835592521
PAY_OBJECT_TYPE_ID,0.007044670782138465,,,0.0022095652161012226,0.0022090515770754023,-0.0037807939151288652,0.0022093887562115505,,,,0.013440707680055695,0.013440707680055695,,,,,,,-0.008157332821102542,0.014221144429488863,-0.009885873107090814,0.013315633622447592,-0.00043336633729180736,0.0039672053107274,-0.025026289157507018,-0.007673747942738311,1.0,0.011509626227516528,0.006958513457313428,-0.010592310404398307,-0.0053215723686900526,0.0026911098338803056,0.008670514442414356,0.007213413270951883,-0.005962958954187151,0.007639450369843413,-0.003551862777945926,0.007117529491335208,-0.0005046212074822242,0.0031720491085755567,-0.03207259740301029,-0.00947486572699098,0.014232857006562044,0.0187535568023564,0.005273729556492914,0.008905591727230086,0.012922611315061922,0.006800646127274542,0.00010415098835781968,0.0001486029448766819,-0.0068414007380407016,0.0015933523978359468,-0.007480545742482348,0.015360700516220209,0.01077340028805297,-0.011640970151715127,0.002876312322969415,-0.013880740327463977,0.016923094479172156,0.00026200830647308415,-0.00499753360918845,0.00760415971028707,0.0006672184392448988,-0.006632216497870471,-0.021928449032403444,0.005270751350603033,0.0067171602407807155,-0.011077844353889383,-0.017701402720617362,-0.007576348047243657,0.014607493784758428,0.01609825425693467,0.007150935828627732,0.022184415157030044,-0.017920293210605016,-0.0007254807281568927,-0.012788083838487124,-0.0072728892269797235,-0.007258658365592881,-0.022946479439938716,-0.007857184819610051,0.004560799099818376
CHARGE_CODE,0.009325817335145615,,,0.00567870233578742,0.005678703530085487,0.01150433052924491,0.005678726383399966,,,,-0.00826038986584529,-0.00826038986584529,,,,,,,-0.016295171544635365,-0.008165564131620826,0.02009518450754652,-0.00214726304570638,0.011050782628735538,0.004284245827305687,-0.00486852194203232,-0.003980494510755827,0.011509626227516528,1.0,0.015418619002588873,-0.009106993830256942,0.002548739920552034,0.012297444176100257,-0.009834234190440097,0.01831200729976103,0.007689635120919415,0.008673531789464936,-0.004547723928581314,0.003988570662293483,-0.012251875272592066,0.02073388620609371,-0.005795479005604126,0.01631365674096059,-0.01418978181978607,-0.0027625763222252435,0.0036637283168927713,0.007771246182633309,-0.011796797624768976,0.008692262884851788,-0.005679697383696945,-0.000696737534751228,0.0003004154852727965,0.0003373094472235116,-0.013349242598546121,0.0098063691360476,-0.008367186622916993,0.017189128549939082,-0.006580837227237209,0.01257788347509765,-0.008353726172007435,0.006438424582438284,-0.011158184086152621,-0.010304778996910763,0.01857019158402562,0.0023041048828546227,-0.00942842963874817,-0.012423984525513401,0.02071274463662699,-0.005158268916432834,0.003097610328978742,0.01737572446763487,-0.0077181229967014445,0.006990782987710458,-0.008419915426605936,-0.008864371172093061,-0.001871807051061647,0.005177382464812933,-0.006600644769991138,-0.008303119515110405,0.015270970500276978,0.009019278190691536,-0.014092431547406465,-0.009736117721563905
OFFERING_ID,0.02030798425453209,,,0.013714818426087702,0.013714957240147544,0.006954294290071544,0.013714728807024129,,,,0.01014371985842555,0.01014371985842555,,,,,,,0.006456520668452785,-0.0001686110976387576,-0.005718828190222277,-0.004717716159315492,0.0002719493027918949,-0.005753330013003829,0.001420575245892218,0.0100726321530752,0.006958513457313428,0.015418619002588873,1.0,-0.012663591478530864,0.005258101532610431,0.014149035897795315,-0.01736153757408138,-0.006617475540654675,0.0027617347869031946,0.0031445165351312076,-0.0006274235151394129,-0.005822928059826517,0.0047029609490248725,-0.006982351347222334,0.018678109518158244,-0.0010393472644735756,0.012758454721613985,4.2934756424347285e-05,0.005531471912272123,0.01644416114710932,0.011974129907485524,-0.03818781343544347,-0.0021536314949367075,-0.003985161136271392,0.003863900586216592,0.002366488039198346,0.01126538657180807,0.0029873891035917194,-0.004399323360467325,0.018605632659597814,0.007945656675621264,0.019891088253863796,0.0030379981526331918,-0.004267133816832967,-0.020205680301609574,0.009589738189068862,0.0005950488525459902,0.011829550667116441,0.016115906085749192,0.013912905378330872,0.0073787982176821655,0.007525727047515988,-0.010140539641249858,-0.02558756926835207,-0.019039691347974102,0.0017094367877657111,0.0071577833471936575,-0.0008826908446601122,0.002717909915710287,-0.008613489567126929,-0.0022619496729001805,0.01084152465576335,0.016331823222434972,0.0015800928859153651,0.0014287381174233704,0.008266901839005017
PLAN_ID,0.01452192557877821,,,0.019819126320221935,0.019819321469177063,-0.019716041369954158,0.01981903772961839,,,,0.008780750852659037,0.008780750852659037,,,,,,,0.014680744662553683,0.009421298738422887,-0.007416911810122705,-0.004528395505328933,-0.011262895446041771,0.0003369715371802386,0.005776129388020389,0.00604988043910926,-0.010592310404398307,-0.009106993830256942,-0.012663591478530864,1.0,-0.002143075087935175,-0.008618351560612178,0.020492279826738766,0.0007626895276080032,-0.006573694693805168,0.01004376663449833,0.0001976048042825802,0.032773278207308305,0.007353197977188626,-0.006153982721937881,0.00331675369307576,0.006473095075333327,0.0011933077722126116,-0.0007468683030947386,0.008394531090682451,0.007024010320890249,-0.00934322944863924,0.02032538951619703,7.16480442997788e-05,-0.00698733424455605,0.012720832565716949,0.004103185592788834,0.0002914369320228074,-0.01748996656892366,-0.009604575816715819,0.005141367242534204,-0.026220936148900413,0.013668667992993563,0.012765178722713497,0.011435180564196129,-0.012782382911256333,-0.008954648268638043,-0.006709409806407051,-0.0027291413519095705,0.013232900308332848,0.005716121324246551,0.006412116836136636,0.0008040793547426643,0.011619951403316906,-0.0029757197396315,-0.018248332308463826,0.021053199025459927,0.001435196702016204,0.008787206719916188,0.00424731369199366,-0.021575720121519978,0.01719059994710198,0.0030131436802070047,0.020707741593347546,0.0027163288265822042,0.0021150198190359264,-0.012010577928308761
DEDUCT_CHARGE_AMOUNT,0.008431857495392919,,,-0.0006432128621887595,-0.0006436321849481102,-0.006837274183523898,-0.0006433615222326121,,,,-0.006656194909425146,-0.006656194909425146,,,,,,,0.016328978615898954,0.018383104851644246,-0.006305323413306939,-0.01725304990269445,0.005407217951535407,-0.012351729913765597,0.006689697702056728,0.0034627900702236428,-0.0053215723686900526,0.002548739920552034,0.005258101532610431,-0.002143075087935175,1.0,0.0012046032551596949,0.0026586830209826607,-0.010282742200724546,0.014084575916568146,0.005987939854809422,0.01700398422618191,-0.03634268506242461,-0.01993836540276039,-0.0005671317061709989,0.012539577417949388,0.013659416442086635,-0.005439780411710162,-0.009917250420553438,0.008937353118562174,0.011998361005277099,0.010118897109975503,-0.005351283510167449,-0.0061824253746901635,0.0062810570045396166,-0.008545678475845522,0.01471254814772738,0.002101548432592582,-0.006956798800000739,0.0056745339298387085,-0.00803213901844648,-0.008062117162793038,0.0013098745989342136,-0.005241137067307377,0.0025606832606327196,-0.0035272291219832276,0.0258137023920046,-0.0054497461155659805,-0.008518862480307142,0.009837359287446132,0.022735876516651966,0.005833332648296184,-0.003564502278222014,0.004142957244264604,0.003620315496271717,0.00602155643496823,-0.0032319818518906965,-0.010266870655104118,-0.0013442033463933762,0.001973212012235342,-0.010780463100533171,-0.00011541932893509807,-0.008383141721008614,0.014583173982193384,-0.0014859222038883897,-0.022660733273188093,0.005974892567986981
TAX_AMOUNT1,0.007336685387309604,,,0.01351433086905993,0.013514219369159213,-0.0009837152450099804,0.013514392590662925,,,,0.017193996015565836,0.017193996015565836,,,,,,,0.015732306571455974,-0.014265092794193584,-0.004108185464909443,-0.002032342166970019,0.00976153139523687,0.021295731727915095,0.01123032978252027,-0.0034181507347705617,0.0026911098338803056,0.012297444176100257,0.014149035897795315,-0.008618351560612178,0.0012046032551596949,1.0,-0.012098622305416145,-0.011602941866758566,-0.000597574908887885,-0.011271988419375547,0.0035311866365121906,0.0015206248166075484,0.0018124335195318837,0.007999307574506344,-0.030781592682334866,-0.002791407394264899,-0.006646118142444086,0.004729149522390786,-0.006277091154640247,-0.006479202004622448,-0.0017583903061010634,-0.012200314897576474,0.0078657871898004,-0.006813399713470743,-0.002645040033896312,0.0012471615562135005,-0.006028353206044188,0.014577401102892703,-0.006717150376869923,0.016225570119333566,0.00134985527134977,-0.010585999070099774,-0.008386267304646627,-0.013769607735476605,-0.008398662443089554,0.0007889425025895307,-0.001228447792869932,-0.002687097386067367,0.008398475604911602,-0.006868917651819971,0.01309457988807759,0.010434707471813562,-0.004259812444290859,-0.005848501069256689,0.0019873838794993094,-0.004178744442921522,-0.00020575408755927924,0.005804200271787961,0.01654532852118223,0.01216526299233213,0.0014485772613355183,0.011948005301858307,-0.00047749138999444773,-0.01005838147980657,-0.0072634895645016856,-0.001408752501465514
TAX_AMOUNT2,0.011255617585884697,,,0.008427736437122888,0.008427603935928745,0.012468571972503778,0.008427645795137849,,,,-0.014512532647319831,-0.014512532647319831,,,,,,,-0.0013788647603593964,0.007143904572438435,-0.008112794883033564,-0.0013902240720102558,0.008224608016000898,0.00813835771106222,-0.024355943700527335,-0.011292844175074705,0.008670514442414356,-0.009834234190440097,-0.01736153757408138,0.020492279826738766,0.0026586830209826607,-0.012098622305416145,1.0,-0.00435126446938462,0.006770850623797766,0.014329754143365505,0.0010724738015954536,-0.004370953320381161,0.008699721121072418,-0.012393971550214898,0.004451182215877852,-0.013983715873876116,0.023093910402051807,0.012995801532696217,-0.00905790806648327,-0.023533480583116165,0.01030363847264573,0.010985962728361543,0.0031398016608100428,-0.02086054232570237,-0.0005732518813669716,-0.010581375696893268,0.013724406639200904,0.008471914676740602,-0.018769878505620487,-0.00840454611582555,-0.0032815320863044516,-0.008618320397111606,0.007126111584881615,0.017136135847613865,-0.010664848096159594,0.005625224195589573,0.007897346323619062,0.008679304070721214,-0.019283826220340132,0.032919531484472665,0.01382863569411502,-0.002499653763392495,0.0067056670877697995,-0.015521631494435664,-0.00464921424330387,-0.0069462956445017765,0.004623608050158253,0.030201475062865177,0.00436592285992082,-0.01796197395338406,-0.009361701181475807,0.005201988930745864,-7.88923904771868e-05,-0.006797717150511827,0.007679858228222071,-0.00358106760758509
TAX_AMOUNT3,-0.0035495934197177113,,,-0.0037142987914683904,-0.003713618633065369,0.0012871003691307832,-0.00371426712284374,,,,0.009815250842020102,0.009815250842020102,,,,,,,0.0026600366458290284,-0.000595044687295462,0.020050540972518766,-0.01637481635926243,0.0022721687341350316,0.00477338123820725,-0.012545023991898687,0.0038666428844534805,0.007213413270951883,0.01831200729976103,-0.006617475540654675,0.0007626895276080032,-0.010282742200724546,-0.011602941866758566,-0.00435126446938462,1.0,0.005483694219365371,-0.012290275780818793,0.004403005590801152,0.01482970940073645,0.023900307991888827,0.00548027437122393,0.00013587300255133038,0.01839608459526825,-0.008076315489256287,-0.01787961604235276,-0.008150296193130251,0.007389750687029628,-0.01702896519325094,-0.006217753321631533,-0.006041838324276383,0.0047946091864233785,0.017010686216384695,0.0032363270928463237,-0.01249033635724311,0.007581198172301274,0.0013453175514096846,0.0031692650331002054,-0.018685026278774962,0.009883369843668442,-0.0018954411174430638,0.0033668970210914665,-0.001711371865858389,0.00881410839587724,0.008761204553068606,-0.009922374048486903,-0.00914984967566336,0.012106726805003059,-0.0051367333325031,-0.004464661906340547,0.001269491888119774,-0.016268081862887532,-0.010331577998505622,-0.013153401757987251,0.01587741862405325,0.005956903638640836,0.013575761895942798,0.017427157786004104,0.009789855183048016,-0.013980954889372047,-0.010696742234137819,0.012090735134561714,-0.001239307577753893,-0.009629656891369898
CHARGE_CURRENCY_ID.1,0.0021016759520352327,,,-0.0006387446495997706,-0.0006386329201986491,0.010517579504307463,-0.0006387269858417797,,,,0.003399107986472684,0.003399107986472684,,,,,,,-0.010628061272310545,-0.00023757295596364152,-0.014277505799080333,0.004066574598827356,-0.004944572341200044,0.00716880499102126,0.009231561206166016,0.009573152100039103,-0.005962958954187151,0.007689635120919415,0.0027617347869031946,-0.006573694693805168,0.014084575916568146,-0.000597574908887885,0.006770850623797766,0.005483694219365371,1.0,0.013411966887043228,-0.003167986632296062,-0.006511994924215156,-0.003496790191814715,0.012313077021601096,-0.0028931590677537507,-0.027790124107724187,0.011245898624264717,0.02347640048280684,0.0031189275142233723,0.0016808468586895235,-0.004174776868066262,-0.0051497966158583425,0.0009206979967349163,0.005826150023470823,0.009032281628853873,-0.001239715174364336,0.0044772648942227634,-0.00611544428584141,0.0026897319099301502,0.006261113216490265,-0.03126218246239551,-0.010975723260855542,0.006017732550477616,-0.011047055419574897,0.006372594847122851,0.011085465138278574,-0.00391260043555906,0.01086316410892646,-0.011653274356027412,-0.007227445324005266,0.0009117064137633483,0.005704910370138032,-0.005087325741426559,0.0068450799360262795,-0.003961993052424524,-0.0008074037314500731,0.006293480720996772,0.017876972511473837,-0.00890653332428289,0.014493786322551959,0.010749234400447094,0.000581091935178746,0.01776853037611207,0.0033659307737281163,-0.003395555514514217,-0.005502564816202048
